96539939974421
98608191149632
87010621975588
87384362797001
52672857139736
68489424882892
56238523822198
52475832360441
19851516542455
28206966999828
78178866482780
77607166068506
75750933488255
38227363096957
93324479532217
68153606098666
43798825497635
98120416730861
55006857811188
96556274751450
66288440265109
73244602093289
86105782164591
66977662531210
89213596469087
45815084855238
62999259574923
73371535805954
86506559904428
78220297911526
15399852545584
01748727136788
53712562950467
97412911564696
66532935036566
03431285323519
82992790516857
55478531205003
04594973612790
13108533701278
19580338145065
25004828814314
01842939827953
86580523309807
06813108485290
29162931704481
98138853727126
61753398655685
22719384645127
99942671336358
11843563306555
64544844513469
02066205817314
39188291851333
40579464372802
76968386101263
85511453331774
99526932461119
13265719301646
40717802680985
24464349452741
19156232250938
50662016790312
16382546784459
16988586804552
37702509845996
66561883561927
47378973775217
24227669789570
65171332737542
31207594156928
09422457781646
07589802728268
00661140921818
01208978038341
84774101548082
00840509452812
42124614480792
51082746632898
89434180695358
62774171952596
49617758616863
55247780862635
90173742630431
36087539852832
26217590158998
29152253010142
31396445951063
55718537446212
72572103213374
46448905307791
38506299696931
24479513364695
77382750223573
91097335431764
38137169693446
79255745674260
60686127151106
78322250200959
21885251711164